21296 253
20697 233
19619 222
17168 267
16208 292
15228 274
14786 181
14386 294
14073 196
13524 191
13096 204
12839 229
12405 277
11141 210
10874 195
10768 211
10240 287
10050 272
9629 164
9621 234
9566 190
9556 169
9415 262
9237 232
9043 228
8852 235
8559 247
8462 226
8374 175
8241 163
8017 199
7924 200
7494 264
7300 185
7134 201
6975 266
6930 296
6764 192
6650 227
6448 193
6439 157
6383 219
6301 279
6227 198
6094 208
6041 268
6017 218
6011 284
6004 189
5990 202
5831 297
5736 290
5672 238
5654 301
5643 302
5602 206
5573 162
5520 278
5478 182
5446 251
5433 160
5384 379
5323 293
5271 299
5245 161
5201 242
5170 246
5163 260
5127 166
5106 173
5087 174
5032 280
5007 158
4954 255
4766 170
4722 220
4673 194
4658 245
4510 179
4423 306
4422 378
4321 295
4297 236
4251 337
4233 300
4213 243
4177 261
4173 275
4163 254
4100 207
4089 231
4032 283
4032 183
3937 291
3922 203
3887 159
3848 237
3751 176
3671 197
3632 259
3618 177
3604 377
3488 256
3454 240
3356 250
3283 184
3153 213
3145 298
3106 252
3105 167
3104 217
3036 270
3034 285
2994 257
2918 168
2915 205
2869 221
2851 249
2843 281
2759 305
2714 265
2683 273
2659 248
2630 209
2615 214
2381 230
2275 215
2244 180
2020 271
1879 304
1833 171
1816 225
1737 258
1727 241
1719 309
1711 212
1493 188
1426 172
1389 307
1261 224
1230 178
1131 269
1041 308
1003 350
804 239
508 303
379 244
